0 0 0 0 0 0 0 0 0 0 0 0 0 0 0 0 0 0 0 0 
1 1 1 1 1 1 1 1 and1 1 1 1 1 1 1 1 1 1 1 1
2 2 2 2 2 2 2 2 2 2 2 2 2 2 2 2 2 2 2 2 
Hobbit0
------------------------------------------------------------------------
50 50 50 50 50 50 50 50 50 50 50 50 50 50 50 50 50 50 50 50 
51 51 51 51 51 51 51 51 51 51and 51 51 51 51 51 51 51 51 51 51
52 52 52 52 52 52 52 52 52 52 52 52 52 52 52 52 52 52 52 52 
Hobbit1
------------------------------------------------------------------------
7 7 7 7 7 7 7 7 7 7 7 7 7 7 7 7 7 7 7 7 
8 8 8 8 8 8 8 8 8 8and 8 8 8 8 8 8 8 8 8 8
9 9 9 9 9 9 9 9 9 9 9 9 9 9 9 9 9 9 9 9 
Hobbit0
------------------------------------------------------------------------
31 31 31 31 31 31 31 31 31 31 31 31 31 31 31 31 31 31 31 31 
32 32 32 32 32 32 32 32and 32 32 32 32 32 32 32 32 32 32 32 32
33 33 33 33 33 33 33 33 33 33 33 33 33 33 33 33 33 33 33 33 
Hobbit0
------------------------------------------------------------------------
118 118 118 118 118 118 118 118 118 118 118 118 118 118 118 118 118 118 118 118 
119 119 119 119 119 119 119 119 119 and119 119 119 119 119 119 119 119 119 119 119
120 120 120 120 120 120 120 120 120 120 120 120 120 120 120 120 120 120 120 120 
Hobbit0
------------------------------------------------------------------------
195 195 195 195 195 195 195 195 195 195 195 195 195 195 195 195 195 195 195 195 
196 196 196 196 196 196 196 196 196and 196 196 196 196 196 196 196 196 196 196 196
197 197 197 197 197 197 197 197 197 197 197 197 197 197 197 197 197 197 197 197 
Hobbit2
------------------------------------------------------------------------
121 121 121 121 121 121 121 121 121 121 121 121 121 121 121 121 121 121 121 121
122 122 122 122 122 122 122 122 122 122 and122 122 122 122 122 122 122 122 122 122
123 123 123 123 123 123 123 123 123 123 123 123 123 123 123 123 123 123 123 123 
Hobbit0
------------------------------------------------------------------------
137 137 137 137 137 137 137 137 137 137 137 137 137 137 137 137 137 137 137 137 
138 138 138 138 138 138 138 138and 138 138 138 138 138 138 138 138 138 138 138 138
139 139 139 139 139 139 139 139 139 139 139 139 139 139 139 139 139 139 139 139 
Hobbit0
------------------------------------------------------------------------
169 169 169 169 169 169 169 169 169 169 169 169 169 169 169 169 169 169 169 169 
170 170 170 170 170 170 170 170 170and 170 170 170 170 170 170 170 170 170 170 170
171 171 171 171 171 171 171 171and 171 171 171 171 171 171 171 171 171 171 171 171
Hobbit1
------------------------------------------------------------------------
170 170 170 170 170 170 170 170 170and 170 170 170 170 170 170 170 170 170 170 170
171 171 171 171 171 171 171 171and 171 171 171 171 171 171 171 171 171 171 171 171
172 172 172 172 172 172 172 172 172and 172 172 172 172 172 172 172 172 172 172 172
Hobbit1
------------------------------------------------------------------------
171 171 171 171 171 171 171 171and 171 171 171 171 171 171 171 171 171 171 171 171
172 172 172 172 172 172 172 172 172and 172 172 172 172 172 172 172 172 172 172 172
173 173 173 173 173 173 173 173 173 173 173 173 173 173 173 173 173 173 173 173 
Hobbit1
------------------------------------------------------------------------
217 217 217 217 217 217 217 217 217 217 217 217 217 217 217 217 217 217 217 217 
218 218 218 218 218 218 218 218 218 and218 218 218 218 218 218 218 218 218 218 218
219 219 219 219 219 219 219 219 219 219 219 219 219 219 219 219 219 219 219 219 
Hobbit0
------------------------------------------------------------------------
298 298 298 298 298 298 298 298 298 298 298 298 298 298 298 298 298 298 298 298 
299 299 299 299 299 299 299 299 299 and299 299 299 299 299 299 299 299 299 299 299
300 300 300 300 300 300 300 300 300 300 300and 300 300 300 300 300 300 300 300 300
Hobbit2
------------------------------------------------------------------------
377 377 377 377 377 377 377 377 377 377 377 377 377 377 377 377 377 377 377 377 
378 378 378 378 378 378 378 378 378 378and 378 378 378 378 378 378 378 378 378 378
379 379 379 379 379 379 379 379 379 379 379 379 379 379 379 379 379 379 379 379 
Hobbit1
------------------------------------------------------------------------
